Label Id	Label Name	Number Of Voxels	Volume (mm^3)	Image mean (JHU_MNI_T1_MNI)	Image stdev (JHU_MNI_T1_MNI)
0	Clear Label	10	10	7.5345	23.8262
1	Label 1	13236	13236	81.8467	17.8147
2	Label 2	12051	12051	81.89	17.6906
3	Label 3	11445	11445	78.9614	18.4051
4	Label 4	13309	13309	80.4682	18.4767
5	Label 5	3320	3320	74.9422	17.2565
6	Label 6	5485	5485	78.7345	20.6685
7	Label 7	11729	11729	79.2905	17.9685
8	Label 8	9639	9639	81.3251	16.8972
9	Label 9	15606	15606	74.8446	18.9612
10	Label 10	16137	16137	77.0384	19.4752
11	Label 11	4862	4862	81.128	18.0636
12	Label 12	4671	4671	83.9328	17.0995
13	Label 13	4998	4998	80.2994	20.522
14	Label 14	3958	3958	81.7157	19.5195
15	Label 15	4335	4335	83.4125	19.8165
16	Label 16	3977	3977	85.831	19.0352
17	Label 17	5428	5428	79.2898	17.1154
18	Label 18	5361	5361	77.8976	16.545
19	Label 19	5729	5729	80.448	18.4866
20	Label 20	5743	5743	74.5973	18.8749
21	Label 21	6649	6649	74.4848	18.6633
22	Label 22	7512	7512	75.0513	18.4115
23	Label 23	15875	15875	84.0806	18.8505
24	Label 24	14634	14634	86.6497	19.2682
25	Label 25	16427	16427	85.4461	18.4648
26	Label 26	18556	18556	87.358	18.8227
27	Label 27	9413	9413	86.747	19.6906
28	Label 28	7619	7619	87.208	20.0523
29	Label 29	11471	11471	79.067	18.4875
30	Label 30	10456	10456	81.8131	17.595
31	Label 31	10002	10002	79.6768	18.7267
32	Label 32	15217	15217	80.4098	18.6326
33	Label 33	9943	9943	79.6214	19.1733
34	Label 34	9694	9694	80.2822	18.5029
35	Label 35	16166	16166	79.2788	17.8933
36	Label 36	16445	16445	81.38	16.9411
37	Label 37	6194	6194	71.4882	13.3834
38	Label 38	6193	6193	73.8961	14.4027
39	Label 39	19887	19887	74.4621	17.7167
40	Label 40	19026	19026	75.1063	17.3971
41	Label 41	2955	2955	71.7093	16.9583
42	Label 42	3055	3055	73.2971	16.7255
43	Label 43	13705	13705	73.1899	19.1293
44	Label 44	16101	16101	76.419	18.3123
45	Label 45	1624	1624	90.1399	17.0949
46	Label 46	1783	1783	93.7145	19.284
47	Label 47	1049	1049	91.3295	15.5233
48	Label 48	1249	1249	89.1388	19.8275
49	Label 49	18425	18425	76.347	18.7283
50	Label 50	18385	18385	78.8202	16.6752
51	Label 51	3034	3034	89.5535	21.329
52	Label 52	3159	3159	88.7927	19.9655
53	Label 53	21955	21955	77.425	19.6486
54	Label 54	19226	19226	77.8533	19.064
55	Label 55	5413	5413	78.2057	19.4061
56	Label 56	6414	6414	78.9543	18.2563
57	Label 57	7722	7722	83.5158	20.9146
58	Label 58	6460	6460	82.412	20.3023
59	Label 59	10453	10453	81.1701	20.5112
60	Label 60	10512	10512	82.7439	19.4979
61	Label 61	2944	2944	73.3877	15.1705
62	Label 62	3474	3474	72.272	16.1873
63	Label 63	484	484	78.2033	18.891
64	Label 64	693	693	75.4668	17.4156
65	Label 65	2005	2005	87.0418	18.9174
66	Label 66	1900	1900	82.1674	19.6693
67	Label 67	13169	13169	81.3004	17.9416
68	Label 68	13036	13036	77.7957	17.2317
69	Label 69	8780	8780	83.3998	20.0834
70	Label 70	10486	10486	80.9431	18.5489
71	Label 71	9427	9427	79.8043	15.1222
72	Label 72	9152	9152	84.331	16.1939
73	Label 73	2118	2118	90.7779	10.444
74	Label 74	2271	2271	92.0471	12.2652
75	Label 75	5064	5064	83.1347	15.0771
76	Label 76	4852	4852	84.335	14.4294
77	Label 77	4649	4649	101.022	15.3309
78	Label 78	4875	4875	100.726	15.3314
79	Label 79	6217	6217	123.18	12.7846
80	Label 80	6353	6353	123.696	13.5326
81	Label 81	1853	1853	159.265	9.57376
82	Label 82	1839	1839	159.382	9.71963
83	Label 83	7941	7941	131.553	14.9172
84	Label 84	7818	7818	130.825	15.7392
85	Label 85	669	669	111.517	17.6674
86	Label 86	785	785	121.354	19.5052
87	Label 87	400	400	143.356	18.4031
88	Label 88	382	382	140.473	16.8264
89	Label 89	837	837	108.906	11.6346
90	Label 90	1097	1097	106.136	13.8666
91	Label 91	443	443	169.525	4.98447
92	Label 92	452	452	169.761	5.70627
93	Label 93	424	424	172.31	5.54874
94	Label 94	412	412	173.855	6.00911
95	Label 95	68292	68292	90.7347	19.99
96	Label 96	67390	67390	89.6837	20.165
97	Label 97	2764	2764	162.534	14.8209
98	Label 98	2741	2741	163.802	14.2557
99	Label 99	3164	3164	147.634	15.2099
100	Label 100	3026	3026	146.995	17.0105
101	Label 101	1881	1881	161.232	7.33125
102	Label 102	1763	1763	161.509	6.62145
103	Label 103	1094	1094	143.808	19.2179
104	Label 104	1149	1149	149.498	17.779
105	Label 105	3861	3861	154.067	12.7728
106	Label 106	3935	3935	155.33	13.0642
107	Label 107	1005	1005	164.605	7.30693
108	Label 108	940	940	165.35	7.28588
109	Label 109	1045	1045	155.551	11.9996
110	Label 110	1071	1071	154.931	12.3528
111	Label 111	1018	1018	157.022	7.75458
112	Label 112	1177	1177	159.39	7.70991
113	Label 113	396	396	153.859	10.9774
114	Label 114	817	817	147.43	11.5043
115	Label 115	1893	1893	140.109	28.4263
116	Label 116	2026	2026	144.785	25.9032
117	Label 117	14679	14679	160.362	6.20812
118	Label 118	16414	16414	160.588	5.41366
119	Label 119	20215	20215	160.06	5.21109
120	Label 120	18643	18643	160.434	5.85873
121	Label 121	7420	7420	160.334	4.73002
122	Label 122	6262	6262	160.926	4.69417
123	Label 123	3466	3466	158.229	9.45969
124	Label 124	3937	3937	158.135	10.2214
125	Label 125	4734	4734	154.933	14.0111
126	Label 126	5319	5319	155.094	16.414
127	Label 127	7178	7178	158.161	11.4607
128	Label 128	7468	7468	159.141	12.6418
129	Label 129	313	313	122.912	22.3461
130	Label 130	285	285	114.096	25.7522
131	Label 131	2838	2838	158.953	11.8869
132	Label 132	2942	2942	161.745	11.7408
133	Label 133	3786	3786	162.778	9.29955
134	Label 134	3777	3777	162.983	8.18171
135	Label 135	3477	3477	163.641	7.56316
136	Label 136	3702	3702	164.655	6.95414
137	Label 137	4361	4361	136.17	14.7367
138	Label 138	4073	4073	142.91	13.5731
139	Label 139	4371	4371	150.917	13.3975
140	Label 140	4821	4821	150.517	14.3295
141	Label 141	1885	1885	147.905	16.3421
142	Label 142	1872	1872	150.515	16.5049
143	Label 143	1747	1747	147.471	17.2924
144	Label 144	1762	1762	146.297	18.4328
145	Label 145	934	934	110.788	32.6624
146	Label 146	975	975	108.542	27.034
147	Label 147	2479	2479	144.948	18.064
148	Label 148	2326	2326	145.264	15.207
149	Label 149	10149	10149	161.417	7.06905
150	Label 150	6769	6769	160.811	8.92725
151	Label 151	4001	4001	157.721	10.1394
152	Label 152	4934	4934	160.731	9.5194
153	Label 153	459	459	160.057	14.3093
154	Label 154	335	335	156.776	14.8472
155	Label 155	9517	9517	161.325	5.80964
156	Label 156	11014	11014	160.774	5.08502
157	Label 157	461	461	106.886	10.2551
158	Label 158	585	585	105.636	12.1185
159	Label 159	784	784	121.4	26.7482
160	Label 160	738	738	125.554	32.5727
161	Label 161	298	298	134.696	26.0473
162	Label 162	273	273	124.524	24.8323
163	Label 163	773	773	161.364	10.6058
164	Label 164	624	624	157.652	9.76095
165	Label 165	97	97	130.082	12.7692
166	Label 166	94	94	127.089	10.0155
167	Label 167	118	118	113.387	17.091
168	Label 168	147	147	122.129	17.8682
169	Label 169	415	415	135.125	33.6543
170	Label 170	286	286	138.699	34.1384
171	Label 171	4971	4971	32.5497	18.052
172	Label 172	2682	2682	34.455	18.7573
173	Label 173	1806	1806	31.8106	18.9433
174	Label 174	219	219	81.3082	34.2052
175	Label 175	1063	1063	62.1136	24.798
176	Label 176	6333	6333	29.2005	19.1576
177	Label 177	3476	3476	30.0702	17.9833
178	Label 178	2132	2132	29.0538	17.9747
179	Label 179	243	243	93.861	22.3955
180	Label 180	973	973	55.1073	22.941
181	Label 181	5966	5966	50.1384	26.1089
182	Label 182	1368	1368	115.906	25.8109
183	Label 183	1174	1174	117.087	26.3835
184	Label 184	677	677	109.608	22.5606
185	Label 185	782	782	107.294	23.5995
186	Label 186	9595	9595	150.85	16.6185
187	Label 187	9758	9758	149.539	16.0307
188	Label 188	8179	8179	147.644	15.5975
189	Label 189	11327	11327	150.911	14.5555
190	Label 190	530	530	128.74	12.8185
191	Label 191	1000	1000	136.258	12.7993
192	Label 192	8866	8866	145.439	16.0426
193	Label 193	7510	7510	148.165	15.8013
194	Label 194	4839	4839	138.142	15.6186
195	Label 195	5516	5516	142.99	14.4133
196	Label 196	2766	2766	149.884	14.3253
197	Label 197	3481	3481	152.576	14.0725
198	Label 198	3512	3512	151.983	15.008
199	Label 199	2725	2725	151.463	14.1912
200	Label 200	3846	3846	151.208	13.9293
201	Label 201	3045	3045	152.69	13.6769
202	Label 202	2282	2282	139.605	17.7381
203	Label 203	1973	1973	137.209	15.8285
204	Label 204	2394	2394	141.744	18.3604
205	Label 205	1870	1870	134.454	15.4397
206	Label 206	2280	2280	136.595	17.5331
207	Label 207	3107	3107	139.526	15.4692
208	Label 208	12852	12852	146.434	16.3302
209	Label 209	12116	12116	145.723	16.1103
210	Label 210	15280	15280	147.931	15.4428
211	Label 211	17154	17154	149.622	14.3031
212	Label 212	9886	9886	155.073	12.357
213	Label 213	9022	9022	155.293	13.1795
214	Label 214	4903	4903	142.631	15.2032
215	Label 215	4874	4874	147.047	15.1654
216	Label 216	4590	4590	142.791	14.7251
217	Label 217	6167	6167	142.666	14.6939
218	Label 218	3606	3606	139.26	15.5985
219	Label 219	3439	3439	139.255	16.3775
220	Label 220	10486	10486	146.57	16.3966
221	Label 221	11361	11361	146.351	16.5518
222	Label 222	1589	1589	126.742	15.228
223	Label 223	1548	1548	129.564	15.5992
224	Label 224	11218	11218	150.787	15.188
225	Label 225	12085	12085	149.958	15.3937
226	Label 226	1322	1322	142.37	19.1849
227	Label 227	1314	1314	142.377	18.4607
228	Label 228	5895	5895	141.686	16.617
229	Label 229	6010	6010	143.896	16.711
230	Label 230	5820	5820	137.979	16.3813
231	Label 231	6280	6280	136.887	16.7012
232	Label 232	4205	4205	152.188	12.881
233	Label 233	4742	4742	149.779	14.512
234	Label 234	13931	13931	147.416	16.1331
235	Label 235	13807	13807	147.336	16.9297
236	Label 236	2947	2947	142.809	15.0427
237	Label 237	3484	3484	144.599	16.431
238	Label 238	4813	4813	142.357	17.5128
239	Label 239	3955	3955	138.028	18.5705
240	Label 240	6945	6945	140.134	18.4877
241	Label 241	6333	6333	139.412	18.9573
242	Label 242	133	133	125.909	9.46758
243	Label 243	16	16	124.755	8.50855
244	Label 244	103	103	140.302	11.9412
245	Label 245	139	139	128.074	12.4037
246	Label 246	247	247	140.798	12.5796
247	Label 247	132	132	135.235	13.5394
248	Label 248	2494	2494	139.026	15.8651
249	Label 249	1712	1712	129.244	13.7799
250	Label 250	4321	4321	148.161	12.3852
251	Label 251	4289	4289	145.867	14.3492
252	Label 252	12423	12423	151.388	16.0115
253	Label 253	12028	12028	150.893	16.2932
254	Label 254	718724	718724	31.7212	15.1704
255	Label 255	787163	787163	86.9343	44.6846
256	Label 256	3819601	3.8196e+06	2.05218	5.34366
257	Label 257	10993	10993	84.7606	33.8336
258	Label 258	3847	3847	159.248	7.10879
259	Label 259	3651	3651	159.67	7.23734
260	Label 260	120641	120641	67.7341	14.9399
261	Label 261	693	693	156.18	10.8279
262	Label 262	669	669	157.42	11.0532
263	Label 263	24462	24462	34.445	11.8578
264	Label 264	19409	19409	35.8382	12.3494
265	Label 265	3283	3283	35.409	12.5626
266	Label 266	3694	3694	32.0323	12.3523
267	Label 267	3386	3386	36.5502	12.5226
268	Label 268	3744	3744	37.7036	13.591
269	Label 269	4078	4078	36.6231	12.3927
270	Label 270	3820	3820	37.6743	13.4023
271	Label 271	551	551	41.5416	11.8555
272	Label 272	588	588	32.6701	12.4409
273	Label 273	12582	12582	33.7862	12.034
274	Label 274	12813	12813	32.6545	11.9352
275	Label 275	5069	5069	41.1003	13.4787
276	Label 276	4808	4808	39.3865	12.3246
277	Label 277	2802	2802	39.0744	10.7766
278	Label 278	2671	2671	37.4838	10.8287
279	Label 279	2824	2824	42.7429	12.6512
280	Label 280	2380	2380	39.7352	11.7044
281	Label 281	506	506	104.712	15.3945
282	Label 282	31	31	127.444	11.8951
283	Label 283	616	616	105.255	15.0277
284	Label 284	41	41	122.195	9.80391
285	Label 285	251	251	84.3512	15.6319
286	Label 286	296	296	83.5726	16.4609
